 (H-atom)h2 sigma-profile (sigma [e/nm^2], p(sigma)*At [nm^2])
   0.00000   0.00000
   0.00000   0.00000
   0.00000   0.00000
   0.00000   0.00000
   0.00000   0.00000
   0.00000   0.00000
   0.00000   0.00000
   0.00000   0.00000
   0.00000   0.00000
   0.00000   0.00000
   0.00000   0.00000
   0.00000   0.00000
   0.00000   0.00000
   0.00000   0.00000
   0.00000   0.00000
   0.00000   0.00000
   0.00000   0.00000
   0.00000   0.00000
   0.00000   0.00000
   0.00000   0.00000
   0.00000   0.00000
   0.00000   0.00000
   0.00000   0.00000
   0.00000   0.00000
   0.00000   0.00000
   0.00000   0.00000
   0.00000   0.00000
   0.00000   0.00000
   0.00000   0.00000
   0.00000   0.00000
   0.00000   0.00000
   0.00000   0.00000
   0.00000   0.00000
   0.00000   0.00000
   0.00000   0.00000
   0.00000   0.00000
   0.00000   0.00000
   0.00000   0.00000
   0.00000   0.00000
   0.00000   0.00000
   0.00000   0.00000
   0.00000   0.00000
   0.00000   0.00000
   0.00000   0.00000
   0.00000   0.00000
   0.00000   0.00000
   0.00000   0.00000
   0.00000   0.00000
   0.00000   0.00000
   0.00000   0.00000
   0.00000   0.00000
   0.00000   0.00000
   0.00000   0.00000
   0.00000   0.00000
   0.00000   0.00000
   0.00000   0.00000
   0.00000   0.00000
   0.00000   0.00000
   0.00000   0.00000
   0.00000   0.00000
   0.00000   0.00000
